,Exposure,State,Center mean,Center variance,Center std,Count,Uptake mean,var,ANOVA,Position,AT21950,AT23551,danoprevir,protein only,Protein
0,0.0,AT21950,2425.410672019006,0.05462001089539859,0.2337092443516058,8.0,1.2871720190059905,0.05462001089539859,0.29235274048164306,1,1.0,1.0,1.0,1.0,astex
1,0.0,AT23551,2425.4881863878804,0.004039429024826064,0.06355650261638114,8.0,1.3646863878805033,0.004039429024826063,0.29235274048164306,1,1.0,1.0,1.0,1.0,astex
2,0.0,danoprevir,2425.4143703799396,0.004536885780475818,0.06735640860731677,8.0,1.2908703799393302,0.004536885780475817,0.29235274048164306,1,1.0,1.0,1.0,1.0,astex
3,0.0,protein only,2425.5150932110155,0.00880397978170887,0.09382952510648697,11.0,1.3915932110153322,0.008803979781708868,0.29235274048164306,1,1.0,1.0,1.0,1.0,astex
4,0.5,AT21950,2428.538770110921,0.040346849129945364,0.20086525117587004,4.0,4.415270110920986,0.04034684912994536,0.16787264699624516,1,1.0,1.0,1.0,1.0,astex
5,0.5,AT23551,2428.44202168489,0.0020313095270484715,0.045070051331770986,3.0,4.318521684889377,0.0020313095270484715,0.16787264699624516,1,1.0,1.0,1.0,1.0,astex
6,0.5,danoprevir,2428.2613227489132,0.010656922135308059,0.10323236961006009,6.0,4.137822748913135,0.010656922135308057,0.16787264699624516,1,1.0,1.0,1.0,1.0,astex
7,0.5,protein only,2428.383572182733,0.04977273115150955,0.22309803036223683,4.0,4.260072182732875,0.04977273115150954,0.16787264699624516,1,1.0,1.0,1.0,1.0,astex
8,1.0,AT21950,2428.507860823058,0.0004530879456231624,0.021285862576441727,2.0,4.384360823057227,0.0004530879456231624,0.004596142187675456,1,1.0,0.9,0.20022894481067455,0.8271685099210624,astex
9,1.0,AT23551,2428.5656195472966,0.001601790218648406,0.04002237147706775,6.0,4.442119547296536,0.001601790218648406,0.004596142187675456,1,0.9,1.0,0.0076138269723423635,0.9,astex
10,1.0,danoprevir,2428.3242253816193,0.021944260281042193,0.1481359520205753,6.0,4.200725381619286,0.02194426028104219,0.004596142187675456,1,0.20022894481067455,0.0076138269723423635,1.0,0.009981735353812637,astex
11,1.0,protein only,2428.584269644125,0.004543803336790569,0.06740773944281599,4.0,4.460769644125041,0.00454380333679057,0.004596142187675456,1,0.8271685099210624,0.9,0.009981735353812637,1.0,astex
12,2.0,AT21950,2428.6029514289075,0.012151778042529458,0.11023510349489157,9.0,4.479451428907476,0.012151778042529456,0.4301607648104683,1,1.0,1.0,1.0,1.0,astex
13,2.0,AT23551,2428.5445790629565,0.007221019149015939,0.08497658000305695,6.0,4.421079062956506,0.007221019149015939,0.4301607648104683,1,1.0,1.0,1.0,1.0,astex
14,2.0,danoprevir,2428.5033242078057,0.00846113955595905,0.09198445279480141,4.0,4.379824207805386,0.008461139555959049,0.4301607648104683,1,1.0,1.0,1.0,1.0,astex
15,2.0,protein only,2428.5646705039126,0.003710998379361197,0.06091796434026007,4.0,4.441170503912648,0.0037109983793611975,0.4301607648104683,1,1.0,1.0,1.0,1.0,astex
16,30.000002,AT21950,2428.781336892171,0.005100267344770639,0.07141615604868858,8.0,4.657836892170899,0.005100267344770638,0.0001148304799546418,1,1.0,0.3886542383396978,0.0794303662247754,0.10812162520558766,astex
17,30.000002,AT23551,2428.6947231597314,0.014958574333581408,0.12230525063782588,8.0,4.571223159731379,0.014958574333581408,0.0001148304799546418,1,0.3886542383396978,1.0,0.7867062401385857,0.0017739351051230257,astex
18,30.000002,danoprevir,2428.646650677263,0.01619396277041189,0.12725550192589666,8.0,4.523150677262852,0.016193962770411886,0.0001148304799546418,1,0.0794303662247754,0.7867062401385857,1.0,0.001,astex
19,30.000002,protein only,2428.901448825294,0.0056608861180415205,0.07523886042492617,10.0,4.777948825294095,0.005660886118041521,0.0001148304799546418,1,0.10812162520558766,0.0017739351051230257,0.001,1.0,astex
20,120.000008,AT21950,2428.8969603158657,0.02652553905196059,0.16286662964511972,6.0,4.773460315865434,0.02652553905196059,1.2591388531824066e-07,1,1.0,0.5992341055210753,0.001,0.08824581175438295,astex
21,120.000008,AT23551,2428.9992003290686,0.010745950778476579,0.10366267784731677,6.0,4.875700329068391,0.010745950778476579,1.2591388531824066e-07,1,0.5992341055210753,1.0,0.001,0.5830660404047558,astex
22,120.000008,danoprevir,2428.3825490331087,0.017887816737268542,0.13374534286197984,6.0,4.259049033108506,0.017887816737268542,1.2591388531824066e-07,1,0.001,0.001,1.0,0.001,astex
23,120.000008,protein only,2429.1038801546415,0.012653510268309954,0.11248782275566521,6.0,4.980380154641346,0.012653510268309952,1.2591388531824066e-07,1,0.08824581175438295,0.5830660404047558,0.001,1.0,astex
24,0.0,AT21950,2425.410672019006,0.05462001089539859,0.2337092443516058,8.0,1.2871720190059905,0.05462001089539859,0.29235274048164306,2,1.0,1.0,1.0,1.0,astex
25,0.0,AT23551,2425.4881863878804,0.004039429024826064,0.06355650261638114,8.0,1.3646863878805033,0.004039429024826063,0.29235274048164306,2,1.0,1.0,1.0,1.0,astex
26,0.0,danoprevir,2425.4143703799396,0.004536885780475818,0.06735640860731677,8.0,1.2908703799393302,0.004536885780475817,0.29235274048164306,2,1.0,1.0,1.0,1.0,astex
27,0.0,protein only,2425.5150932110155,0.00880397978170887,0.09382952510648697,11.0,1.3915932110153322,0.008803979781708868,0.29235274048164306,2,1.0,1.0,1.0,1.0,astex
28,0.5,AT21950,2428.538770110921,0.040346849129945364,0.20086525117587004,4.0,4.415270110920986,0.04034684912994536,0.16787264699624516,2,1.0,1.0,1.0,1.0,astex
29,0.5,AT23551,2428.44202168489,0.0020313095270484715,0.045070051331770986,3.0,4.318521684889377,0.0020313095270484715,0.16787264699624516,2,1.0,1.0,1.0,1.0,astex
30,0.5,danoprevir,2428.2613227489132,0.010656922135308059,0.10323236961006009,6.0,4.137822748913135,0.010656922135308057,0.16787264699624516,2,1.0,1.0,1.0,1.0,astex
31,0.5,protein only,2428.383572182733,0.04977273115150955,0.22309803036223683,4.0,4.260072182732875,0.04977273115150954,0.16787264699624516,2,1.0,1.0,1.0,1.0,astex
32,1.0,AT21950,2428.507860823058,0.0004530879456231624,0.021285862576441727,2.0,4.384360823057227,0.0004530879456231624,0.004596142187675456,2,1.0,0.9,0.20022894481067455,0.8271685099210624,astex
33,1.0,AT23551,2428.5656195472966,0.001601790218648406,0.04002237147706775,6.0,4.442119547296536,0.001601790218648406,0.004596142187675456,2,0.9,1.0,0.0076138269723423635,0.9,astex
34,1.0,danoprevir,2428.3242253816193,0.021944260281042193,0.1481359520205753,6.0,4.200725381619286,0.02194426028104219,0.004596142187675456,2,0.20022894481067455,0.0076138269723423635,1.0,0.009981735353812637,astex
35,1.0,protein only,2428.584269644125,0.004543803336790569,0.06740773944281599,4.0,4.460769644125041,0.00454380333679057,0.004596142187675456,2,0.8271685099210624,0.9,0.009981735353812637,1.0,astex
36,2.0,AT21950,2428.6029514289075,0.012151778042529458,0.11023510349489157,9.0,4.479451428907476,0.012151778042529456,0.4301607648104683,2,1.0,1.0,1.0,1.0,astex
37,2.0,AT23551,2428.5445790629565,0.007221019149015939,0.08497658000305695,6.0,4.421079062956506,0.007221019149015939,0.4301607648104683,2,1.0,1.0,1.0,1.0,astex
38,2.0,danoprevir,2428.5033242078057,0.00846113955595905,0.09198445279480141,4.0,4.379824207805386,0.008461139555959049,0.4301607648104683,2,1.0,1.0,1.0,1.0,astex
39,2.0,protein only,2428.5646705039126,0.003710998379361197,0.06091796434026007,4.0,4.441170503912648,0.0037109983793611975,0.4301607648104683,2,1.0,1.0,1.0,1.0,astex
40,30.000002,AT21950,2428.781336892171,0.005100267344770639,0.07141615604868858,8.0,4.657836892170899,0.005100267344770638,0.0001148304799546418,2,1.0,0.3886542383396978,0.0794303662247754,0.10812162520558766,astex
41,30.000002,AT23551,2428.6947231597314,0.014958574333581408,0.12230525063782588,8.0,4.571223159731379,0.014958574333581408,0.0001148304799546418,2,0.3886542383396978,1.0,0.7867062401385857,0.0017739351051230257,astex
42,30.000002,danoprevir,2428.646650677263,0.01619396277041189,0.12725550192589666,8.0,4.523150677262852,0.016193962770411886,0.0001148304799546418,2,0.0794303662247754,0.7867062401385857,1.0,0.001,astex
43,30.000002,protein only,2428.901448825294,0.0056608861180415205,0.07523886042492617,10.0,4.777948825294095,0.005660886118041521,0.0001148304799546418,2,0.10812162520558766,0.0017739351051230257,0.001,1.0,astex
44,120.000008,AT21950,2428.8969603158657,0.02652553905196059,0.16286662964511972,6.0,4.773460315865434,0.02652553905196059,1.2591388531824066e-07,2,1.0,0.5992341055210753,0.001,0.08824581175438295,astex
45,120.000008,AT23551,2428.9992003290686,0.010745950778476579,0.10366267784731677,6.0,4.875700329068391,0.010745950778476579,1.2591388531824066e-07,2,0.5992341055210753,1.0,0.001,0.5830660404047558,astex
46,120.000008,danoprevir,2428.3825490331087,0.017887816737268542,0.13374534286197984,6.0,4.259049033108506,0.017887816737268542,1.2591388531824066e-07,2,0.001,0.001,1.0,0.001,astex
47,120.000008,protein only,2429.1038801546415,0.012653510268309954,0.11248782275566521,6.0,4.980380154641346,0.012653510268309952,1.2591388531824066e-07,2,0.08824581175438295,0.5830660404047558,0.001,1.0,astex
48,0.0,AT21950,2425.410672019006,0.05462001089539859,0.2337092443516058,8.0,1.2871720190059905,0.05462001089539859,0.29235274048164306,3,1.0,1.0,1.0,1.0,astex
49,0.0,AT23551,2425.4881863878804,0.004039429024826064,0.06355650261638114,8.0,1.3646863878805033,0.004039429024826063,0.29235274048164306,3,1.0,1.0,1.0,1.0,astex
50,0.0,danoprevir,2425.4143703799396,0.004536885780475818,0.06735640860731677,8.0,1.2908703799393302,0.004536885780475817,0.29235274048164306,3,1.0,1.0,1.0,1.0,astex
51,0.0,protein only,2425.5150932110155,0.00880397978170887,0.09382952510648697,11.0,1.3915932110153322,0.008803979781708868,0.29235274048164306,3,1.0,1.0,1.0,1.0,astex
52,0.5,AT21950,2428.538770110921,0.040346849129945364,0.20086525117587004,4.0,4.415270110920986,0.04034684912994536,0.16787264699624516,3,1.0,1.0,1.0,1.0,astex
53,0.5,AT23551,2428.44202168489,0.0020313095270484715,0.045070051331770986,3.0,4.318521684889377,0.0020313095270484715,0.16787264699624516,3,1.0,1.0,1.0,1.0,astex
54,0.5,danoprevir,2428.2613227489132,0.010656922135308059,0.10323236961006009,6.0,4.137822748913135,0.010656922135308057,0.16787264699624516,3,1.0,1.0,1.0,1.0,astex
55,0.5,protein only,2428.383572182733,0.04977273115150955,0.22309803036223683,4.0,4.260072182732875,0.04977273115150954,0.16787264699624516,3,1.0,1.0,1.0,1.0,astex
56,1.0,AT21950,2428.507860823058,0.0004530879456231624,0.021285862576441727,2.0,4.384360823057227,0.0004530879456231624,0.004596142187675456,3,1.0,0.9,0.20022894481067455,0.8271685099210624,astex
57,1.0,AT23551,2428.5656195472966,0.001601790218648406,0.04002237147706775,6.0,4.442119547296536,0.001601790218648406,0.004596142187675456,3,0.9,1.0,0.0076138269723423635,0.9,astex
58,1.0,danoprevir,2428.3242253816193,0.021944260281042193,0.1481359520205753,6.0,4.200725381619286,0.02194426028104219,0.004596142187675456,3,0.20022894481067455,0.0076138269723423635,1.0,0.009981735353812637,astex
59,1.0,protein only,2428.584269644125,0.004543803336790569,0.06740773944281599,4.0,4.460769644125041,0.00454380333679057,0.004596142187675456,3,0.8271685099210624,0.9,0.009981735353812637,1.0,astex
60,2.0,AT21950,2428.6029514289075,0.012151778042529458,0.11023510349489157,9.0,4.479451428907476,0.012151778042529456,0.4301607648104683,3,1.0,1.0,1.0,1.0,astex
61,2.0,AT23551,2428.5445790629565,0.007221019149015939,0.08497658000305695,6.0,4.421079062956506,0.007221019149015939,0.4301607648104683,3,1.0,1.0,1.0,1.0,astex
62,2.0,danoprevir,2428.5033242078057,0.00846113955595905,0.09198445279480141,4.0,4.379824207805386,0.008461139555959049,0.4301607648104683,3,1.0,1.0,1.0,1.0,astex
63,2.0,protein only,2428.5646705039126,0.003710998379361197,0.06091796434026007,4.0,4.441170503912648,0.0037109983793611975,0.4301607648104683,3,1.0,1.0,1.0,1.0,astex
64,30.000002,AT21950,2428.781336892171,0.005100267344770639,0.07141615604868858,8.0,4.657836892170899,0.005100267344770638,0.0001148304799546418,3,1.0,0.3886542383396978,0.0794303662247754,0.10812162520558766,astex
65,30.000002,AT23551,2428.6947231597314,0.014958574333581408,0.12230525063782588,8.0,4.571223159731379,0.014958574333581408,0.0001148304799546418,3,0.3886542383396978,1.0,0.7867062401385857,0.0017739351051230257,astex
66,30.000002,danoprevir,2428.646650677263,0.01619396277041189,0.12725550192589666,8.0,4.523150677262852,0.016193962770411886,0.0001148304799546418,3,0.0794303662247754,0.7867062401385857,1.0,0.001,astex
67,30.000002,protein only,2428.901448825294,0.0056608861180415205,0.07523886042492617,10.0,4.777948825294095,0.005660886118041521,0.0001148304799546418,3,0.10812162520558766,0.0017739351051230257,0.001,1.0,astex
68,120.000008,AT21950,2428.8969603158657,0.02652553905196059,0.16286662964511972,6.0,4.773460315865434,0.02652553905196059,1.2591388531824066e-07,3,1.0,0.5992341055210753,0.001,0.08824581175438295,astex
69,120.000008,AT23551,2428.9992003290686,0.010745950778476579,0.10366267784731677,6.0,4.875700329068391,0.010745950778476579,1.2591388531824066e-07,3,0.5992341055210753,1.0,0.001,0.5830660404047558,astex
70,120.000008,danoprevir,2428.3825490331087,0.017887816737268542,0.13374534286197984,6.0,4.259049033108506,0.017887816737268542,1.2591388531824066e-07,3,0.001,0.001,1.0,0.001,astex
71,120.000008,protein only,2429.1038801546415,0.012653510268309954,0.11248782275566521,6.0,4.980380154641346,0.012653510268309952,1.2591388531824066e-07,3,0.08824581175438295,0.5830660404047558,0.001,1.0,astex
72,0.0,AT21950,2425.410672019006,0.05462001089539859,0.2337092443516058,8.0,1.2871720190059905,0.05462001089539859,0.29235274048164306,4,1.0,1.0,1.0,1.0,astex
73,0.0,AT23551,2425.4881863878804,0.004039429024826064,0.06355650261638114,8.0,1.3646863878805033,0.004039429024826063,0.29235274048164306,4,1.0,1.0,1.0,1.0,astex
74,0.0,danoprevir,2425.4143703799396,0.004536885780475818,0.06735640860731677,8.0,1.2908703799393302,0.004536885780475817,0.29235274048164306,4,1.0,1.0,1.0,1.0,astex
75,0.0,protein only,2425.5150932110155,0.00880397978170887,0.09382952510648697,11.0,1.3915932110153322,0.008803979781708868,0.29235274048164306,4,1.0,1.0,1.0,1.0,astex
76,0.5,AT21950,2428.538770110921,0.040346849129945364,0.20086525117587004,4.0,4.415270110920986,0.04034684912994536,0.16787264699624516,4,1.0,1.0,1.0,1.0,astex
77,0.5,AT23551,2428.44202168489,0.0020313095270484715,0.045070051331770986,3.0,4.318521684889377,0.0020313095270484715,0.16787264699624516,4,1.0,1.0,1.0,1.0,astex
78,0.5,danoprevir,2428.2613227489132,0.010656922135308059,0.10323236961006009,6.0,4.137822748913135,0.010656922135308057,0.16787264699624516,4,1.0,1.0,1.0,1.0,astex
79,0.5,protein only,2428.383572182733,0.04977273115150955,0.22309803036223683,4.0,4.260072182732875,0.04977273115150954,0.16787264699624516,4,1.0,1.0,1.0,1.0,astex
80,1.0,AT21950,2428.507860823058,0.0004530879456231624,0.021285862576441727,2.0,4.384360823057227,0.0004530879456231624,0.004596142187675456,4,1.0,0.9,0.20022894481067455,0.8271685099210624,astex
81,1.0,AT23551,2428.5656195472966,0.001601790218648406,0.04002237147706775,6.0,4.442119547296536,0.001601790218648406,0.004596142187675456,4,0.9,1.0,0.0076138269723423635,0.9,astex
82,1.0,danoprevir,2428.3242253816193,0.021944260281042193,0.1481359520205753,6.0,4.200725381619286,0.02194426028104219,0.004596142187675456,4,0.20022894481067455,0.0076138269723423635,1.0,0.009981735353812637,astex
83,1.0,protein only,2428.584269644125,0.004543803336790569,0.06740773944281599,4.0,4.460769644125041,0.00454380333679057,0.004596142187675456,4,0.8271685099210624,0.9,0.009981735353812637,1.0,astex
84,2.0,AT21950,2428.6029514289075,0.012151778042529458,0.11023510349489157,9.0,4.479451428907476,0.012151778042529456,0.4301607648104683,4,1.0,1.0,1.0,1.0,astex
85,2.0,AT23551,2428.5445790629565,0.007221019149015939,0.08497658000305695,6.0,4.421079062956506,0.007221019149015939,0.4301607648104683,4,1.0,1.0,1.0,1.0,astex
86,2.0,danoprevir,2428.5033242078057,0.00846113955595905,0.09198445279480141,4.0,4.379824207805386,0.008461139555959049,0.4301607648104683,4,1.0,1.0,1.0,1.0,astex
87,2.0,protein only,2428.5646705039126,0.003710998379361197,0.06091796434026007,4.0,4.441170503912648,0.0037109983793611975,0.4301607648104683,4,1.0,1.0,1.0,1.0,astex
88,30.000002,AT21950,2428.781336892171,0.005100267344770639,0.07141615604868858,8.0,4.657836892170899,0.005100267344770638,0.0001148304799546418,4,1.0,0.3886542383396978,0.0794303662247754,0.10812162520558766,astex
89,30.000002,AT23551,2428.6947231597314,0.014958574333581408,0.12230525063782588,8.0,4.571223159731379,0.014958574333581408,0.0001148304799546418,4,0.3886542383396978,1.0,0.7867062401385857,0.0017739351051230257,astex
90,30.000002,danoprevir,2428.646650677263,0.01619396277041189,0.12725550192589666,8.0,4.523150677262852,0.016193962770411886,0.0001148304799546418,4,0.0794303662247754,0.7867062401385857,1.0,0.001,astex
91,30.000002,protein only,2428.901448825294,0.0056608861180415205,0.07523886042492617,10.0,4.777948825294095,0.005660886118041521,0.0001148304799546418,4,0.10812162520558766,0.0017739351051230257,0.001,1.0,astex
92,120.000008,AT21950,2428.8969603158657,0.02652553905196059,0.16286662964511972,6.0,4.773460315865434,0.02652553905196059,1.2591388531824066e-07,4,1.0,0.5992341055210753,0.001,0.08824581175438295,astex
93,120.000008,AT23551,2428.9992003290686,0.010745950778476579,0.10366267784731677,6.0,4.875700329068391,0.010745950778476579,1.2591388531824066e-07,4,0.5992341055210753,1.0,0.001,0.5830660404047558,astex
94,120.000008,danoprevir,2428.3825490331087,0.017887816737268542,0.13374534286197984,6.0,4.259049033108506,0.017887816737268542,1.2591388531824066e-07,4,0.001,0.001,1.0,0.001,astex
95,120.000008,protein only,2429.1038801546415,0.012653510268309954,0.11248782275566521,6.0,4.980380154641346,0.012653510268309952,1.2591388531824066e-07,4,0.08824581175438295,0.5830660404047558,0.001,1.0,astex
96,0.0,AT21950,2425.410672019006,0.05462001089539859,0.2337092443516058,8.0,1.2871720190059905,0.05462001089539859,0.29235274048164306,5,1.0,1.0,1.0,1.0,astex
97,0.0,AT23551,2425.4881863878804,0.004039429024826064,0.06355650261638114,8.0,1.3646863878805033,0.004039429024826063,0.29235274048164306,5,1.0,1.0,1.0,1.0,astex
98,0.0,danoprevir,2425.4143703799396,0.004536885780475818,0.06735640860731677,8.0,1.2908703799393302,0.004536885780475817,0.29235274048164306,5,1.0,1.0,1.0,1.0,astex
99,0.0,protein only,2425.5150932110155,0.00880397978170887,0.09382952510648697,11.0,1.3915932110153322,0.008803979781708868,0.29235274048164306,5,1.0,1.0,1.0,1.0,astex
100,0.5,AT21950,2428.538770110921,0.040346849129945364,0.20086525117587004,4.0,4.415270110920986,0.04034684912994536,0.16787264699624516,5,1.0,1.0,1.0,1.0,astex
101,0.5,AT23551,2428.44202168489,0.0020313095270484715,0.045070051331770986,3.0,4.318521684889377,0.0020313095270484715,0.16787264699624516,5,1.0,1.0,1.0,1.0,astex
102,0.5,danoprevir,2428.2613227489132,0.010656922135308059,0.10323236961006009,6.0,4.137822748913135,0.010656922135308057,0.16787264699624516,5,1.0,1.0,1.0,1.0,astex
103,0.5,protein only,2428.383572182733,0.04977273115150955,0.22309803036223683,4.0,4.260072182732875,0.04977273115150954,0.16787264699624516,5,1.0,1.0,1.0,1.0,astex
104,1.0,AT21950,2428.507860823058,0.0004530879456231624,0.021285862576441727,2.0,4.384360823057227,0.0004530879456231624,0.004596142187675456,5,1.0,0.9,0.20022894481067455,0.8271685099210624,astex
105,1.0,AT23551,2428.5656195472966,0.001601790218648406,0.04002237147706775,6.0,4.442119547296536,0.001601790218648406,0.004596142187675456,5,0.9,1.0,0.0076138269723423635,0.9,astex
106,1.0,danoprevir,2428.3242253816193,0.021944260281042193,0.1481359520205753,6.0,4.200725381619286,0.02194426028104219,0.004596142187675456,5,0.20022894481067455,0.0076138269723423635,1.0,0.009981735353812637,astex
107,1.0,protein only,2428.584269644125,0.004543803336790569,0.06740773944281599,4.0,4.460769644125041,0.00454380333679057,0.004596142187675456,5,0.8271685099210624,0.9,0.009981735353812637,1.0,astex
108,2.0,AT21950,2428.6029514289075,0.012151778042529458,0.11023510349489157,9.0,4.479451428907476,0.012151778042529456,0.4301607648104683,5,1.0,1.0,1.0,1.0,astex
109,2.0,AT23551,2428.5445790629565,0.007221019149015939,0.08497658000305695,6.0,4.421079062956506,0.007221019149015939,0.4301607648104683,5,1.0,1.0,1.0,1.0,astex
110,2.0,danoprevir,2428.5033242078057,0.00846113955595905,0.09198445279480141,4.0,4.379824207805386,0.008461139555959049,0.4301607648104683,5,1.0,1.0,1.0,1.0,astex
111,2.0,protein only,2428.5646705039126,0.003710998379361197,0.06091796434026007,4.0,4.441170503912648,0.0037109983793611975,0.4301607648104683,5,1.0,1.0,1.0,1.0,astex
112,30.000002,AT21950,2428.781336892171,0.005100267344770639,0.07141615604868858,8.0,4.657836892170899,0.005100267344770638,0.0001148304799546418,5,1.0,0.3886542383396978,0.0794303662247754,0.10812162520558766,astex
113,30.000002,AT23551,2428.6947231597314,0.014958574333581408,0.12230525063782588,8.0,4.571223159731379,0.014958574333581408,0.0001148304799546418,5,0.3886542383396978,1.0,0.7867062401385857,0.0017739351051230257,astex
114,30.000002,danoprevir,2428.646650677263,0.01619396277041189,0.12725550192589666,8.0,4.523150677262852,0.016193962770411886,0.0001148304799546418,5,0.0794303662247754,0.7867062401385857,1.0,0.001,astex
115,30.000002,protein only,2428.901448825294,0.0056608861180415205,0.07523886042492617,10.0,4.777948825294095,0.005660886118041521,0.0001148304799546418,5,0.10812162520558766,0.0017739351051230257,0.001,1.0,astex
116,120.000008,AT21950,2428.8969603158657,0.02652553905196059,0.16286662964511972,6.0,4.773460315865434,0.02652553905196059,1.2591388531824066e-07,5,1.0,0.5992341055210753,0.001,0.08824581175438295,astex
117,120.000008,AT23551,2428.9992003290686,0.010745950778476579,0.10366267784731677,6.0,4.875700329068391,0.010745950778476579,1.2591388531824066e-07,5,0.5992341055210753,1.0,0.001,0.5830660404047558,astex
118,120.000008,danoprevir,2428.3825490331087,0.017887816737268542,0.13374534286197984,6.0,4.259049033108506,0.017887816737268542,1.2591388531824066e-07,5,0.001,0.001,1.0,0.001,astex
119,120.000008,protein only,2429.1038801546415,0.012653510268309954,0.11248782275566521,6.0,4.980380154641346,0.012653510268309952,1.2591388531824066e-07,5,0.08824581175438295,0.5830660404047558,0.001,1.0,astex
120,0.0,AT21950,2425.410672019006,0.05462001089539859,0.2337092443516058,8.0,1.2871720190059905,0.05462001089539859,0.29235274048164306,6,1.0,1.0,1.0,1.0,astex
121,0.0,AT23551,2425.4881863878804,0.004039429024826064,0.06355650261638114,8.0,1.3646863878805033,0.004039429024826063,0.29235274048164306,6,1.0,1.0,1.0,1.0,astex
122,0.0,danoprevir,2425.4143703799396,0.004536885780475818,0.06735640860731677,8.0,1.2908703799393302,0.004536885780475817,0.29235274048164306,6,1.0,1.0,1.0,1.0,astex
123,0.0,protein only,2425.5150932110155,0.00880397978170887,0.09382952510648697,11.0,1.3915932110153322,0.008803979781708868,0.29235274048164306,6,1.0,1.0,1.0,1.0,astex
124,0.5,AT21950,2428.538770110921,0.040346849129945364,0.20086525117587004,4.0,4.415270110920986,0.04034684912994536,0.16787264699624516,6,1.0,1.0,1.0,1.0,astex
125,0.5,AT23551,2428.44202168489,0.0020313095270484715,0.045070051331770986,3.0,4.318521684889377,0.0020313095270484715,0.16787264699624516,6,1.0,1.0,1.0,1.0,astex
126,0.5,danoprevir,2428.2613227489132,0.010656922135308059,0.10323236961006009,6.0,4.137822748913135,0.010656922135308057,0.16787264699624516,6,1.0,1.0,1.0,1.0,astex
127,0.5,protein only,2428.383572182733,0.04977273115150955,0.22309803036223683,4.0,4.260072182732875,0.04977273115150954,0.16787264699624516,6,1.0,1.0,1.0,1.0,astex
128,1.0,AT21950,2428.507860823058,0.0004530879456231624,0.021285862576441727,2.0,4.384360823057227,0.0004530879456231624,0.004596142187675456,6,1.0,0.9,0.20022894481067455,0.8271685099210624,astex
129,1.0,AT23551,2428.5656195472966,0.001601790218648406,0.04002237147706775,6.0,4.442119547296536,0.001601790218648406,0.004596142187675456,6,0.9,1.0,0.0076138269723423635,0.9,astex
130,1.0,danoprevir,2428.3242253816193,0.021944260281042193,0.1481359520205753,6.0,4.200725381619286,0.02194426028104219,0.004596142187675456,6,0.20022894481067455,0.0076138269723423635,1.0,0.009981735353812637,astex
131,1.0,protein only,2428.584269644125,0.004543803336790569,0.06740773944281599,4.0,4.460769644125041,0.00454380333679057,0.004596142187675456,6,0.8271685099210624,0.9,0.009981735353812637,1.0,astex
132,2.0,AT21950,2428.6029514289075,0.012151778042529458,0.11023510349489157,9.0,4.479451428907476,0.012151778042529456,0.4301607648104683,6,1.0,1.0,1.0,1.0,astex
133,2.0,AT23551,2428.5445790629565,0.007221019149015939,0.08497658000305695,6.0,4.421079062956506,0.007221019149015939,0.4301607648104683,6,1.0,1.0,1.0,1.0,astex
134,2.0,danoprevir,2428.5033242078057,0.00846113955595905,0.09198445279480141,4.0,4.379824207805386,0.008461139555959049,0.4301607648104683,6,1.0,1.0,1.0,1.0,astex
135,2.0,protein only,2428.5646705039126,0.003710998379361197,0.06091796434026007,4.0,4.441170503912648,0.0037109983793611975,0.4301607648104683,6,1.0,1.0,1.0,1.0,astex
136,30.000002,AT21950,2428.781336892171,0.005100267344770639,0.07141615604868858,8.0,4.657836892170899,0.005100267344770638,0.0001148304799546418,6,1.0,0.3886542383396978,0.0794303662247754,0.10812162520558766,astex
137,30.000002,AT23551,2428.6947231597314,0.014958574333581408,0.12230525063782588,8.0,4.571223159731379,0.014958574333581408,0.0001148304799546418,6,0.3886542383396978,1.0,0.7867062401385857,0.0017739351051230257,astex
138,30.000002,danoprevir,2428.646650677263,0.01619396277041189,0.12725550192589666,8.0,4.523150677262852,0.016193962770411886,0.0001148304799546418,6,0.0794303662247754,0.7867062401385857,1.0,0.001,astex
139,30.000002,protein only,2428.901448825294,0.0056608861180415205,0.07523886042492617,10.0,4.777948825294095,0.005660886118041521,0.0001148304799546418,6,0.10812162520558766,0.0017739351051230257,0.001,1.0,astex
140,120.000008,AT21950,2428.8969603158657,0.02652553905196059,0.16286662964511972,6.0,4.773460315865434,0.02652553905196059,1.2591388531824066e-07,6,1.0,0.5992341055210753,0.001,0.08824581175438295,astex
141,120.000008,AT23551,2428.9992003290686,0.010745950778476579,0.10366267784731677,6.0,4.875700329068391,0.010745950778476579,1.2591388531824066e-07,6,0.5992341055210753,1.0,0.001,0.5830660404047558,astex
142,120.000008,danoprevir,2428.3825490331087,0.017887816737268542,0.13374534286197984,6.0,4.259049033108506,0.017887816737268542,1.2591388531824066e-07,6,0.001,0.001,1.0,0.001,astex
143,120.000008,protein only,2429.1038801546415,0.012653510268309954,0.11248782275566521,6.0,4.980380154641346,0.012653510268309952,1.2591388531824066e-07,6,0.08824581175438295,0.5830660404047558,0.001,1.0,astex
144,0.0,AT21950,2425.410672019006,0.05462001089539859,0.2337092443516058,8.0,1.2871720190059905,0.05462001089539859,0.29235274048164306,7,1.0,1.0,1.0,1.0,astex
145,0.0,AT23551,2425.4881863878804,0.004039429024826064,0.06355650261638114,8.0,1.3646863878805033,0.004039429024826063,0.29235274048164306,7,1.0,1.0,1.0,1.0,astex
146,0.0,danoprevir,2425.4143703799396,0.004536885780475818,0.06735640860731677,8.0,1.2908703799393302,0.004536885780475817,0.29235274048164306,7,1.0,1.0,1.0,1.0,astex
147,0.0,protein only,2425.5150932110155,0.00880397978170887,0.09382952510648697,11.0,1.3915932110153322,0.008803979781708868,0.29235274048164306,7,1.0,1.0,1.0,1.0,astex
148,0.5,AT21950,2428.538770110921,0.040346849129945364,0.20086525117587004,4.0,4.415270110920986,0.04034684912994536,0.16787264699624516,7,1.0,1.0,1.0,1.0,astex
149,0.5,AT23551,2428.44202168489,0.0020313095270484715,0.045070051331770986,3.0,4.318521684889377,0.0020313095270484715,0.16787264699624516,7,1.0,1.0,1.0,1.0,astex
150,0.5,danoprevir,2428.2613227489132,0.010656922135308059,0.10323236961006009,6.0,4.137822748913135,0.010656922135308057,0.16787264699624516,7,1.0,1.0,1.0,1.0,astex
151,0.5,protein only,2428.383572182733,0.04977273115150955,0.22309803036223683,4.0,4.260072182732875,0.04977273115150954,0.16787264699624516,7,1.0,1.0,1.0,1.0,astex
152,1.0,AT21950,2428.507860823058,0.0004530879456231624,0.021285862576441727,2.0,4.384360823057227,0.0004530879456231624,0.004596142187675456,7,1.0,0.9,0.20022894481067455,0.8271685099210624,astex
153,1.0,AT23551,2428.5656195472966,0.001601790218648406,0.04002237147706775,6.0,4.442119547296536,0.001601790218648406,0.004596142187675456,7,0.9,1.0,0.0076138269723423635,0.9,astex
154,1.0,danoprevir,2428.3242253816193,0.021944260281042193,0.1481359520205753,6.0,4.200725381619286,0.02194426028104219,0.004596142187675456,7,0.20022894481067455,0.0076138269723423635,1.0,0.009981735353812637,astex
155,1.0,protein only,2428.584269644125,0.004543803336790569,0.06740773944281599,4.0,4.460769644125041,0.00454380333679057,0.004596142187675456,7,0.8271685099210624,0.9,0.009981735353812637,1.0,astex
156,2.0,AT21950,2428.6029514289075,0.012151778042529458,0.11023510349489157,9.0,4.479451428907476,0.012151778042529456,0.4301607648104683,7,1.0,1.0,1.0,1.0,astex
157,2.0,AT23551,2428.5445790629565,0.007221019149015939,0.08497658000305695,6.0,4.421079062956506,0.007221019149015939,0.4301607648104683,7,1.0,1.0,1.0,1.0,astex
158,2.0,danoprevir,2428.5033242078057,0.00846113955595905,0.09198445279480141,4.0,4.379824207805386,0.008461139555959049,0.4301607648104683,7,1.0,1.0,1.0,1.0,astex
159,2.0,protein only,2428.5646705039126,0.003710998379361197,0.06091796434026007,4.0,4.441170503912648,0.0037109983793611975,0.4301607648104683,7,1.0,1.0,1.0,1.0,astex
160,30.000002,AT21950,2428.781336892171,0.005100267344770639,0.07141615604868858,8.0,4.657836892170899,0.005100267344770638,0.0001148304799546418,7,1.0,0.3886542383396978,0.0794303662247754,0.10812162520558766,astex
161,30.000002,AT23551,2428.6947231597314,0.014958574333581408,0.12230525063782588,8.0,4.571223159731379,0.014958574333581408,0.0001148304799546418,7,0.3886542383396978,1.0,0.7867062401385857,0.0017739351051230257,astex
162,30.000002,danoprevir,2428.646650677263,0.01619396277041189,0.12725550192589666,8.0,4.523150677262852,0.016193962770411886,0.0001148304799546418,7,0.0794303662247754,0.7867062401385857,1.0,0.001,astex
163,30.000002,protein only,2428.901448825294,0.0056608861180415205,0.07523886042492617,10.0,4.777948825294095,0.005660886118041521,0.0001148304799546418,7,0.10812162520558766,0.0017739351051230257,0.001,1.0,astex
164,120.000008,AT21950,2428.8969603158657,0.02652553905196059,0.16286662964511972,6.0,4.773460315865434,0.02652553905196059,1.2591388531824066e-07,7,1.0,0.5992341055210753,0.001,0.08824581175438295,astex
165,120.000008,AT23551,2428.9992003290686,0.010745950778476579,0.10366267784731677,6.0,4.875700329068391,0.010745950778476579,1.2591388531824066e-07,7,0.5992341055210753,1.0,0.001,0.5830660404047558,astex
166,120.000008,danoprevir,2428.3825490331087,0.017887816737268542,0.13374534286197984,6.0,4.259049033108506,0.017887816737268542,1.2591388531824066e-07,7,0.001,0.001,1.0,0.001,astex
167,120.000008,protein only,2429.1038801546415,0.012653510268309954,0.11248782275566521,6.0,4.980380154641346,0.012653510268309952,1.2591388531824066e-07,7,0.08824581175438295,0.5830660404047558,0.001,1.0,astex
168,0.0,AT21950,2425.410672019006,0.05462001089539859,0.2337092443516058,8.0,1.2871720190059905,0.05462001089539859,0.29235274048164306,8,1.0,1.0,1.0,1.0,astex
169,0.0,AT23551,2425.4881863878804,0.004039429024826064,0.06355650261638114,8.0,1.3646863878805033,0.004039429024826063,0.29235274048164306,8,1.0,1.0,1.0,1.0,astex
170,0.0,danoprevir,2425.4143703799396,0.004536885780475818,0.06735640860731677,8.0,1.2908703799393302,0.004536885780475817,0.29235274048164306,8,1.0,1.0,1.0,1.0,astex
171,0.0,protein only,2425.5150932110155,0.00880397978170887,0.09382952510648697,11.0,1.3915932110153322,0.008803979781708868,0.29235274048164306,8,1.0,1.0,1.0,1.0,astex
172,0.5,AT21950,2428.538770110921,0.040346849129945364,0.20086525117587004,4.0,4.415270110920986,0.04034684912994536,0.16787264699624516,8,1.0,1.0,1.0,1.0,astex
173,0.5,AT23551,2428.44202168489,0.0020313095270484715,0.045070051331770986,3.0,4.318521684889377,0.0020313095270484715,0.16787264699624516,8,1.0,1.0,1.0,1.0,astex
174,0.5,danoprevir,2428.2613227489132,0.010656922135308059,0.10323236961006009,6.0,4.137822748913135,0.010656922135308057,0.16787264699624516,8,1.0,1.0,1.0,1.0,astex
175,0.5,protein only,2428.383572182733,0.04977273115150955,0.22309803036223683,4.0,4.260072182732875,0.04977273115150954,0.16787264699624516,8,1.0,1.0,1.0,1.0,astex
176,1.0,AT21950,2428.507860823058,0.0004530879456231624,0.021285862576441727,2.0,4.384360823057227,0.0004530879456231624,0.004596142187675456,8,1.0,0.9,0.20022894481067455,0.8271685099210624,astex
177,1.0,AT23551,2428.5656195472966,0.001601790218648406,0.04002237147706775,6.0,4.442119547296536,0.001601790218648406,0.004596142187675456,8,0.9,1.0,0.0076138269723423635,0.9,astex
178,1.0,danoprevir,2428.3242253816193,0.021944260281042193,0.1481359520205753,6.0,4.200725381619286,0.02194426028104219,0.004596142187675456,8,0.20022894481067455,0.0076138269723423635,1.0,0.009981735353812637,astex
179,1.0,protein only,2428.584269644125,0.004543803336790569,0.06740773944281599,4.0,4.460769644125041,0.00454380333679057,0.004596142187675456,8,0.8271685099210624,0.9,0.009981735353812637,1.0,astex
180,2.0,AT21950,2428.6029514289075,0.012151778042529458,0.11023510349489157,9.0,4.479451428907476,0.012151778042529456,0.4301607648104683,8,1.0,1.0,1.0,1.0,astex
181,2.0,AT23551,2428.5445790629565,0.007221019149015939,0.08497658000305695,6.0,4.421079062956506,0.007221019149015939,0.4301607648104683,8,1.0,1.0,1.0,1.0,astex
182,2.0,danoprevir,2428.5033242078057,0.00846113955595905,0.09198445279480141,4.0,4.379824207805386,0.008461139555959049,0.4301607648104683,8,1.0,1.0,1.0,1.0,astex
183,2.0,protein only,2428.5646705039126,0.003710998379361197,0.06091796434026007,4.0,4.441170503912648,0.0037109983793611975,0.4301607648104683,8,1.0,1.0,1.0,1.0,astex
184,30.000002,AT21950,2428.781336892171,0.005100267344770639,0.07141615604868858,8.0,4.657836892170899,0.005100267344770638,0.0001148304799546418,8,1.0,0.3886542383396978,0.0794303662247754,0.10812162520558766,astex
185,30.000002,AT23551,2428.6947231597314,0.014958574333581408,0.12230525063782588,8.0,4.571223159731379,0.014958574333581408,0.0001148304799546418,8,0.3886542383396978,1.0,0.7867062401385857,0.0017739351051230257,astex
186,30.000002,danoprevir,2428.646650677263,0.01619396277041189,0.12725550192589666,8.0,4.523150677262852,0.016193962770411886,0.0001148304799546418,8,0.0794303662247754,0.7867062401385857,1.0,0.001,astex
187,30.000002,protein only,2428.901448825294,0.0056608861180415205,0.07523886042492617,10.0,4.777948825294095,0.005660886118041521,0.0001148304799546418,8,0.10812162520558766,0.0017739351051230257,0.001,1.0,astex
188,120.000008,AT21950,2428.8969603158657,0.02652553905196059,0.16286662964511972,6.0,4.773460315865434,0.02652553905196059,1.2591388531824066e-07,8,1.0,0.5992341055210753,0.001,0.08824581175438295,astex
189,120.000008,AT23551,2428.9992003290686,0.010745950778476579,0.10366267784731677,6.0,4.875700329068391,0.010745950778476579,1.2591388531824066e-07,8,0.5992341055210753,1.0,0.001,0.5830660404047558,astex
190,120.000008,danoprevir,2428.3825490331087,0.017887816737268542,0.13374534286197984,6.0,4.259049033108506,0.017887816737268542,1.2591388531824066e-07,8,0.001,0.001,1.0,0.001,astex
191,120.000008,protein only,2429.1038801546415,0.012653510268309954,0.11248782275566521,6.0,4.980380154641346,0.012653510268309952,1.2591388531824066e-07,8,0.08824581175438295,0.5830660404047558,0.001,1.0,astex
192,0.0,AT21950,2425.410672019006,0.05462001089539859,0.2337092443516058,8.0,1.2871720190059905,0.05462001089539859,0.29235274048164306,9,1.0,1.0,1.0,1.0,astex
193,0.0,AT23551,2425.4881863878804,0.004039429024826064,0.06355650261638114,8.0,1.3646863878805033,0.004039429024826063,0.29235274048164306,9,1.0,1.0,1.0,1.0,astex
194,0.0,danoprevir,2425.4143703799396,0.004536885780475818,0.06735640860731677,8.0,1.2908703799393302,0.004536885780475817,0.29235274048164306,9,1.0,1.0,1.0,1.0,astex
195,0.0,protein only,2425.5150932110155,0.00880397978170887,0.09382952510648697,11.0,1.3915932110153322,0.008803979781708868,0.29235274048164306,9,1.0,1.0,1.0,1.0,astex
196,0.5,AT21950,2428.538770110921,0.040346849129945364,0.20086525117587004,4.0,4.415270110920986,0.04034684912994536,0.16787264699624516,9,1.0,1.0,1.0,1.0,astex
197,0.5,AT23551,2428.44202168489,0.0020313095270484715,0.045070051331770986,3.0,4.318521684889377,0.0020313095270484715,0.16787264699624516,9,1.0,1.0,1.0,1.0,astex
198,0.5,danoprevir,2428.2613227489132,0.010656922135308059,0.10323236961006009,6.0,4.137822748913135,0.010656922135308057,0.16787264699624516,9,1.0,1.0,1.0,1.0,astex
199,0.5,protein only,2428.383572182733,0.04977273115150955,0.22309803036223683,4.0,4.260072182732875,0.04977273115150954,0.16787264699624516,9,1.0,1.0,1.0,1.0,astex
200,1.0,AT21950,2428.507860823058,0.0004530879456231624,0.021285862576441727,2.0,4.384360823057227,0.0004530879456231624,0.004596142187675456,9,1.0,0.9,0.20022894481067455,0.8271685099210624,astex
201,1.0,AT23551,2428.5656195472966,0.001601790218648406,0.04002237147706775,6.0,4.442119547296536,0.001601790218648406,0.004596142187675456,9,0.9,1.0,0.0076138269723423635,0.9,astex
202,1.0,danoprevir,2428.3242253816193,0.021944260281042193,0.1481359520205753,6.0,4.200725381619286,0.02194426028104219,0.004596142187675456,9,0.20022894481067455,0.0076138269723423635,1.0,0.009981735353812637,astex
203,1.0,protein only,2428.584269644125,0.004543803336790569,0.06740773944281599,4.0,4.460769644125041,0.00454380333679057,0.004596142187675456,9,0.8271685099210624,0.9,0.009981735353812637,1.0,astex
204,2.0,AT21950,2428.6029514289075,0.012151778042529458,0.11023510349489157,9.0,4.479451428907476,0.012151778042529456,0.4301607648104683,9,1.0,1.0,1.0,1.0,astex
205,2.0,AT23551,2428.5445790629565,0.007221019149015939,0.08497658000305695,6.0,4.421079062956506,0.007221019149015939,0.4301607648104683,9,1.0,1.0,1.0,1.0,astex
206,2.0,danoprevir,2428.5033242078057,0.00846113955595905,0.09198445279480141,4.0,4.379824207805386,0.008461139555959049,0.4301607648104683,9,1.0,1.0,1.0,1.0,astex
207,2.0,protein only,2428.5646705039126,0.003710998379361197,0.06091796434026007,4.0,4.441170503912648,0.0037109983793611975,0.4301607648104683,9,1.0,1.0,1.0,1.0,astex
208,30.000002,AT21950,2428.781336892171,0.005100267344770639,0.07141615604868858,8.0,4.657836892170899,0.005100267344770638,0.0001148304799546418,9,1.0,0.3886542383396978,0.0794303662247754,0.10812162520558766,astex
209,30.000002,AT23551,2428.6947231597314,0.014958574333581408,0.12230525063782588,8.0,4.571223159731379,0.014958574333581408,0.0001148304799546418,9,0.3886542383396978,1.0,0.7867062401385857,0.0017739351051230257,astex
210,30.000002,danoprevir,2428.646650677263,0.01619396277041189,0.12725550192589666,8.0,4.523150677262852,0.016193962770411886,0.0001148304799546418,9,0.0794303662247754,0.7867062401385857,1.0,0.001,astex
211,30.000002,protein only,2428.901448825294,0.0056608861180415205,0.07523886042492617,10.0,4.777948825294095,0.005660886118041521,0.0001148304799546418,9,0.10812162520558766,0.0017739351051230257,0.001,1.0,astex
212,120.000008,AT21950,2428.8969603158657,0.02652553905196059,0.16286662964511972,6.0,4.773460315865434,0.02652553905196059,1.2591388531824066e-07,9,1.0,0.5992341055210753,0.001,0.08824581175438295,astex
213,120.000008,AT23551,2428.9992003290686,0.010745950778476579,0.10366267784731677,6.0,4.875700329068391,0.010745950778476579,1.2591388531824066e-07,9,0.5992341055210753,1.0,0.001,0.5830660404047558,astex
214,120.000008,danoprevir,2428.3825490331087,0.017887816737268542,0.13374534286197984,6.0,4.259049033108506,0.017887816737268542,1.2591388531824066e-07,9,0.001,0.001,1.0,0.001,astex
215,120.000008,protein only,2429.1038801546415,0.012653510268309954,0.11248782275566521,6.0,4.980380154641346,0.012653510268309952,1.2591388531824066e-07,9,0.08824581175438295,0.5830660404047558,0.001,1.0,astex
216,0.0,AT21950,2425.410672019006,0.05462001089539859,0.2337092443516058,8.0,1.2871720190059905,0.05462001089539859,0.29235274048164306,10,1.0,1.0,1.0,1.0,astex
